 -0.10000000000000001        1.8128061122880868E-007
 -0.10999999977648259        1.8113145072054928E-007
 -0.11999999955296517        1.8098024262974655E-007
 -0.12999999932944775        1.8082726874345615E-007
 -0.13999999910593033        1.8067277360713198E-007
 -0.14999999888241292        1.8051697145051999E-007
 -0.15999999865889550        1.8036005141545342E-007
 -0.16999999843537808        1.8020218158916365E-007
 -0.17999999821186066        1.8004351217540377E-007
 -0.18999999798834324        1.7988417802914485E-007
 -0.19999999776482583        1.7972430071217032E-007
 -0.20999999754130841        1.7956399018167776E-007
 -0.21999999731779099        1.7940334619337079E-007
 -0.22999999709427357        1.7924245947932047E-007
 -0.23999999687075615        1.7908141274590087E-007
 -0.24999999664723874        1.7892028152634223E-007
 -0.25999999642372129        1.7875913491458587E-007
 -0.26999999620020387        1.7859803620130044E-007
 -0.27999999597668646        1.7843704342854604E-007
 -0.28999999575316904        1.7827620987624832E-007
 -0.29999999552965162        1.7811558449108888E-007
 -0.30999999530613420        1.7795521226643287E-007
 -0.31999999508261678        1.7779513458035886E-007
 -0.32999999485909937        1.7763538949762198E-007
 -0.33999999463558195        1.7747601204040001E-007
 -0.34999999441206453        1.7731703443187983E-007
 -0.35999999418854711        1.7715848631610141E-007
 -0.36999999396502969        1.7700039495695298E-007
 -0.37999999374151228        1.7684278541878270E-007
 -0.38999999351799486        1.7668568073073609E-007
 -0.39999999329447744        1.7652910203663405E-007
 -0.40999999307096002        1.7637306873195973E-007
 -0.41999999284744260        1.7621759858931557E-007
 -0.42999999262392519        1.7606270787353629E-007
 -0.43999999240040777        1.7590841144749582E-007
 -0.44999999217689035        1.7575472286951969E-007
 -0.45999999195337293        1.7560165448320541E-007
 -0.46999999172985552        1.7544921750036115E-007
 -0.47999999150633810        1.7529742207769265E-007
 -0.48999999128282068        1.7514627738779799E-007
 -0.49999999105930326        1.7499579168497045E-007
 -0.50999999083578584        1.7484597236625615E-007
 -0.51999999061226843        1.7469682602816781E-007
 -0.52999999038875101        1.7454835851941456E-007
 -0.53999999016523359        1.7440057498997263E-007
 -0.54999998994171617        1.7425347993679081E-007
 -0.55999998971819875        1.7410707724639527E-007
 -0.56999998949468134        1.7396137023463495E-007
 -0.57999998927116392        1.7381636168378618E-007
 -0.58999998904764650        1.7367205387721496E-007
 -0.59999998882412908        1.7352844863177932E-007
 -0.60999998860061166        1.7338554732813679E-007
 -0.61999998837709425        1.7324335093910832E-007
 -0.62999998815357683        1.7310186005623828E-007
 -0.63999998793005941        1.7296107491467746E-007
 -0.64999998770654199        1.7282099541650578E-007
 -0.65999998748302457        1.7268162115260287E-007
 -0.66999998725950716        1.7254295142316532E-007
 -0.67999998703598974        1.7240498525696175E-007
 -0.68999998681247232        1.7226772142941075E-007
 -0.69999998658895490        1.7213115847955878E-007
 -0.70999998636543749        1.7199529472603075E-007
 -0.71999998614192007        1.7186012828201953E-007
 -0.72999998591840265        1.7172565706937696E-007
 -0.73999998569488523        1.7159187883186288E-007
 -0.74999998547136781        1.7145879114760612E-007
 -0.75999998524785040        1.7132639144082691E-007
 -0.76999998502433298        1.7119467699286635E-007
 -0.77999998480081556        1.7106364495256622E-007
 -0.78999998457729814        1.7093329234603891E-007
 -0.79999998435378072        1.7080361608586488E-007
 -0.80999998413026331        1.7067461297975177E-007
 -0.81999998390674589        1.7054627973868849E-007
 -0.82999998368322847        1.7041861298462361E-007
 -0.83999998345971105        1.7029160925769713E-007
 -0.84999998323619363        1.7016526502305134E-007
 -0.85999998301267622        1.7003957667724625E-007
 -0.86999998278915880        1.6991454055430211E-007
 -0.87999998256564138        1.6979015293139130E-007
 -0.88999998234212396        1.6966641003419904E-007
 -0.89999998211860655        1.6954330804197345E-007
 -0.90999998189508913        1.6942084309228104E-007
 -0.91999998167157171        1.6929901128548584E-007
 -0.92999998144805429        1.6917780868896731E-007
 -0.93999998122453687        1.6905723134109185E-007
 -0.94999998100101946        1.6893727525495191E-007
 -0.95999998077750204        1.6881793642188578E-007
 -0.96999998055398462        1.6869921081479018E-007
 -0.97999998033046720        1.6858109439123760E-007
 -0.98999998010694978        1.6846358309640880E-007
 -0.99999997988343237        1.6834667286585081E-007
  -1.0099999796599151        1.6823035962807080E-007
  -1.0199999794363976        1.6811463930697364E-007
  -1.0299999792128802        1.6799950782415264E-007
  -1.0399999789893628        1.6788496110104144E-007
  -1.0499999787658454        1.6777099506093439E-007
  -1.0599999785423280        1.6765760563088274E-007
  -1.0699999783188106        1.6754478874347320E-007
  -1.0799999780952931        1.6743254033849608E-007
  -1.0899999778717757        1.6732085636450766E-007
  -1.0999999776482583        1.6720973278029385E-007
  -1.1099999774247409        1.6709916555623970E-007
  -1.1199999772012235        1.6698915067561008E-007
  -1.1299999769777060        1.6687968413574639E-007
  -1.1399999767541886        1.6677076194918394E-007
  -1.1499999765306712        1.6666238014469376E-007
  -1.1599999763071538        1.6655453476825375E-007
  -1.1699999760836364        1.6644722188395230E-007
  -1.1799999758601190        1.6634043757482818E-007
  -1.1899999756366015        1.6623417794365046E-007
  -1.1999999754130841        1.6612843911364132E-007
  -1.2099999751895667        1.6602321722914499E-007
  -1.2199999749660493        1.6591850845624567E-007
  -1.2299999747425319        1.6581430898333747E-007
  -1.2399999745190144        1.6571061502164849E-007
  -1.2499999742954970        1.6560742280572191E-007
  -1.2599999740719796        1.6550472859385609E-007
  -1.2699999738484622        1.6540252866850662E-007
  -1.2799999736249448        1.6530081933665124E-007
  -1.2899999734014274        1.6519959693012083E-007
  -1.2999999731779099        1.6509885780589748E-007
  -1.3099999729543925        1.6499859834638206E-007
  -1.3199999727308751        1.6489881495963231E-007
  -1.3299999725073577        1.6479950407957397E-007
  -1.3399999722838403        1.6470066216618541E-007
  -1.3499999720603229        1.6460228570565810E-007
  -1.3599999718368054        1.6450437121053398E-007
  -1.3699999716132880        1.6440691521982049E-007
  -1.3799999713897706        1.6430991429908572E-007
  -1.3899999711662532        1.6421336504053356E-007
  -1.3999999709427358        1.6411726406306075E-007
  -1.4099999707192183        1.6402160801229663E-007
  -1.4199999704957009        1.6392639356062663E-007
  -1.4299999702721835        1.6383161740720023E-007
  -1.4399999700486661        1.6373727627792498E-007
  -1.4499999698251487        1.6364336692544634E-007
  -1.4599999696016313        1.6354988612911518E-007
  -1.4699999693781138        1.6345683069494307E-007
  -1.4799999691545964        1.6336419745554642E-007
  -1.4899999689310790        1.6327198327007997E-007
  -1.4999999687075616        1.6318018502416031E-007
  -1.5099999684840442        1.6308879962978019E-007
  -1.5199999682605267        1.6299782402521409E-007
  -1.5299999680370093        1.6290725517491558E-007
  -1.5399999678134919        1.6281709006940726E-007
  -1.5499999675899745        1.6272732572516310E-007
  -1.5599999673664571        1.6263795918448487E-007
  -1.5699999671429397        1.6254898751537168E-007
  -1.5799999669194222        1.6246040781138417E-007
  -1.5899999666959048        1.6237221719150326E-007
  -1.5999999664723874        1.6228441279998396E-007
  -1.6099999662488700        1.6219699180620440E-007
  -1.6199999660253526        1.6210995140451103E-007
  -1.6299999658018351        1.6202328881405942E-007
  -1.6399999655783177        1.6193700127865177E-007
  -1.6499999653548003        1.6185108606657108E-007
  -1.6599999651312829        1.6176554047041215E-007
  -1.6699999649077655        1.6168036180690999E-007
  -1.6799999646842481        1.6159554741676563E-007
  -1.6899999644607306        1.6151109466446971E-007
  -1.6999999642372132        1.6142700093812399E-007
  -1.7099999640136958        1.6134326364926099E-007
  -1.7199999637901784        1.6125988023266221E-007
  -1.7299999635666610        1.6117684814617467E-007
  -1.7399999633431436        1.6109416487052637E-007
  -1.7499999631196261        1.6101182790914060E-007
  -1.7599999628961087        1.6092983478794928E-007
  -1.7699999626725913        1.6084818305520573E-007
  -1.7799999624490739        1.6076687028129666E-007
  -1.7899999622255565        1.6068589405855364E-007
  -1.7999999620020390        1.6060525200106444E-007
  -1.8099999617785216        1.6052494174448395E-007
  -1.8199999615550042        1.6044496094584502E-007
  -1.8299999613314868        1.6036530728336934E-007
  -1.8399999611079694        1.6028597845627855E-007
  -1.8499999608844520        1.6020697218460504E-007
  -1.8599999606609345        1.6012828620900387E-007
  -1.8699999604374171        1.6004991829056425E-007
  -1.8799999602138997        1.5997186621062193E-007
  -1.8899999599903823        1.5989412777057194E-007
  -1.8999999597668649        1.5981670079168221E-007
  -1.9099999595433474        1.5973958311490729E-007
  -1.9199999593198300        1.5966277260070350E-007
  -1.9299999590963126        1.5958626712884430E-007
  -1.9399999588727952        1.5951006459823674E-007
  -1.9499999586492778        1.5943416292673894E-007
  -1.9599999584257604        1.5935856005097803E-007
  -1.9699999582022429        1.5928325392616978E-007
  -1.9799999579787255        1.5920824252593857E-007
  -1.9899999577552081        1.5913352384213886E-007
  -1.9999999575316907        1.5905909588467771E-007
  -2.0099999573081733        1.5898495668133805E-007
  -2.0199999570846559        1.5891110427760382E-007
  -2.0299999568611384        1.5883753673648548E-007
  -2.0399999566376210        1.5876425213834742E-007
  -2.0499999564141036        1.5869124858073638E-007
  -2.0599999561905862        1.5861852417821078E-007
  -2.0699999559670688        1.5854607706217202E-007
  -2.0799999557435513        1.5847390538069644E-007
  -2.0899999555200339        1.5840200729836899E-007
  -2.0999999552965165        1.5833038099611802E-007
  -2.1099999550729991        1.5825902467105160E-007
  -2.1199999548494817        1.5818793653629507E-007
  -2.1299999546259643        1.5811711482082977E-007
  -2.1399999544024468        1.5804655776933376E-007
  -2.1499999541789294        1.5797626364202314E-007
  -2.1599999539554120        1.5790623071449527E-007
  -2.1699999537318946        1.5783645727757328E-007
  -2.1799999535083772        1.5776694163715188E-007
  -2.1899999532848597        1.5769768211404467E-007
  -2.1999999530613423        1.5762867704383277E-007
  -2.2099999528378249        1.5755992477671495E-007
  -2.2199999526143075        1.5749142367735903E-007
  -2.2299999523907901        1.5742317212475489E-007
  -2.2399999521672727        1.5735516851206858E-007
  -2.2499999519437552        1.5728741124649819E-007
  -2.2599999517202378        1.5721989874913079E-007
  -2.2699999514967204        1.5715262945480098E-007
  -2.2799999512732030        1.5708560181195076E-007
  -2.2899999510496856        1.5701881428249075E-007
  -2.2999999508261681        1.5695226534166289E-007
  -2.3099999506026507        1.5688595347790428E-007
  -2.3199999503791333        1.5681987719271286E-007
  -2.3299999501556159        1.5675403500051385E-007
  -2.3399999499320985        1.5668842542852806E-007
  -2.3499999497085811        1.5662304701664128E-007
  -2.3599999494850636        1.5655789831727500E-007
  -2.3699999492615462        1.5649297789525866E-007
  -2.3799999490380288        1.5642828432770312E-007
  -2.3899999488145114        1.5636381620387533E-007
  -2.3999999485909940        1.5629957212507447E-007
  -2.4099999483674766        1.5623555070450944E-007
  -2.4199999481439591        1.5617175056717728E-007
  -2.4299999479204417        1.5610817034974344E-007
  -2.4399999476969243        1.5604480870042286E-007
  -2.4499999474734069        1.5598166427886249E-007
  -2.4599999472498895        1.5591873575602508E-007
  -2.4699999470263720        1.5585602181407414E-007
  -2.4799999468028546        1.5579352114626026E-007
  -2.4899999465793372        1.5573123245680844E-007
  -2.4999999463558198        1.5566915446080688E-007
  -2.5099999461323024        1.5560728588409686E-007
  -2.5199999459087850        1.5554562546316375E-007
  -2.5299999456852675        1.5548417194502924E-007
  -2.5399999454617501        1.5542292408714491E-007
  -2.5499999452382327        1.5536188065728666E-007
  -2.5599999450147153        1.5530104043345056E-007
  -2.5699999447911979        1.5524040220374971E-007
  -2.5799999445676804        1.5517996476631213E-007
  -2.5899999443441630        1.5511972692918010E-007
  -2.5999999441206456        1.5505968751021015E-007
  -2.6099999438971282        1.5499984533697471E-007
  -2.6199999436736108        1.5494019924666419E-007
  -2.6299999434500934        1.5488074808599069E-007
  -2.6399999432265759        1.5482149071109240E-007
  -2.6499999430030585        1.5476242598743948E-007
  -2.6599999427795411        1.5470355278974032E-007
  -2.6699999425560237        1.5464487000184965E-007
  -2.6799999423325063        1.5458637651667691E-007
  -2.6899999421089889        1.5452807123609615E-007
  -2.6999999418854714        1.5446995307085674E-007
  -2.7099999416619540        1.5441202094049497E-007
  -2.7199999414384366        1.5435427377324687E-007
  -2.7299999412149192        1.5429671050596185E-007
  -2.7399999409914018        1.5423933008401713E-007
  -2.7499999407678843        1.5418213146123366E-007
  -2.7599999405443669        1.5412511359979226E-007
  -2.7699999403208495        1.5406827547015132E-007
  -2.7799999400973321        1.5401161605096497E-007
  -2.7899999398738147        1.5395513432900243E-007
  -2.7999999396502973        1.5389882929906815E-007
  -2.8099999394267798        1.5384269996392284E-007
  -2.8199999392032624        1.5378674533420548E-007
  -2.8299999389797450        1.5373096442835583E-007
  -2.8399999387562276        1.5367535627253838E-007
  -2.8499999385327102        1.5361991990056677E-007
  -2.8599999383091927        1.5356465435382909E-007
  -2.8699999380856753        1.5350955868121387E-007
  -2.8799999378621579        1.5345463193903746E-007
  -2.8899999376386405        1.5339987319097144E-007
  -2.8999999374151231        1.5334528150797144E-007
  -2.9099999371916057        1.5329085596820643E-007
  -2.9199999369680882        1.5323659565698887E-007
  -2.9299999367445708        1.5318249966670581E-007
  -2.9399999365210534        1.5312856709675042E-007
  -2.9499999362975360        1.5307479705345452E-007
  -2.9599999360740186        1.5302118865002184E-007
  -2.9699999358505011        1.5296774100646200E-007
  -2.9799999356269837        1.5291445324952497E-007
  -2.9899999354034663        1.5286132451263677E-007
  -2.9999999351799489        1.5280835393583544E-007
  -3.0099999349564315        1.5275554066570788E-007
  -3.0199999347329141        1.5270288385532737E-007
  -3.0299999345093966        1.5265038266419172E-007
  -3.0399999342858792        1.5259803625816241E-007
  -3.0499999340623618        1.5254584380940378E-007
  -3.0599999338388444        1.5249380449632363E-007
  -3.0699999336153270        1.5244191750351381E-007
  -3.0799999333918096        1.5239018202169188E-007
  -3.0899999331682921        1.5233859724764347E-007
  -3.0999999329447747        1.5228716238416467E-007
  -3.1099999327212573        1.5223587664000593E-007
  -3.1199999324977399        1.5218473922981575E-007
  -3.1299999322742225        1.5213374937408561E-007
  -3.1399999320507050        1.5208290629909504E-007
  -3.1499999318271876        1.5203220923685777E-007
  -3.1599999316036702        1.5198165742506775E-007
  -3.1699999313801528        1.5193125010704680E-007
  -3.1799999311566354        1.5188098653169156E-007
  -3.1899999309331180        1.5183086595342239E-007
  -3.1999999307096005        1.5178088763213141E-007
  -3.2099999304860831        1.5173105083313247E-007
  -3.2199999302625657        1.5168135482711055E-007
  -3.2299999300390483        1.5163179889007238E-007
  -3.2399999298155309        1.5158238230329737E-007
  -3.2499999295920134        1.5153310435328896E-007
  -3.2599999293684960        1.5148396433172683E-007
  -3.2699999291449786        1.5143496153541921E-007
  -3.2799999289214612        1.5138609526625610E-007
  -3.2899999286979438        1.5133736483116259E-007
  -3.2999999284744264        1.5128876954205308E-007
  -3.3099999282509089        1.5124030871578578E-007
  -3.3199999280273915        1.5119198167411753E-007
  -3.3299999278038741        1.5114378774365966E-007
  -3.3399999275803567        1.5109572625583357E-007
  -3.3499999273568393        1.5104779654682755E-007
  -3.3599999271333219        1.5099999795755333E-007
  -3.3699999269098044        1.5095232983360384E-007
  -3.3799999266862870        1.5090479152521058E-007
  -3.3899999264627696        1.5085738238720231E-007
  -3.3999999262392522        1.5081010177896353E-007
  -3.4099999260157348        1.5076294906439381E-007
  -3.4199999257922173        1.5071592361186714E-007
  -3.4299999255686999        1.5066902479419214E-007
  -3.4399999253451825        1.5062225198857244E-007
  -3.4499999251216651        1.5057560457656758E-007
  -3.4599999248981477        1.5052908194405413E-007
  -3.4699999246746303        1.5048268348118766E-007
  -3.4799999244511128        1.5043640858236454E-007
  -3.4899999242275954        1.5039025664618448E-007
  -3.4999999240040780        1.5034422707541361E-007
  -3.5099999237805606        1.5029831927694746E-007
  -3.5199999235570432        1.5025253266177484E-007
  -3.5299999233335257        1.5020686664494167E-007
  -3.5399999231100083        1.5016132064551554E-007
  -3.5499999228864909        1.5011589408655044E-007
  -3.5599999226629735        1.5007058639505193E-007
  -3.5699999224394561        1.5002539700194254E-007
  -3.5799999222159387        1.4998032534202781E-007
  -3.5899999219924212        1.4993537085396233E-007
  -3.5999999217689038        1.4989053298021636E-007
  -3.6099999215453864        1.4984581116704287E-007
  -3.6199999213218690        1.4980120486444469E-007
  -3.6299999210983516        1.4975671352614209E-007
  -3.6399999208748341        1.4971233660954067E-007
  -3.6499999206513167        1.4966807357569980E-007
  -3.6599999204277993        1.4962392388930106E-007
  -3.6699999202042819        1.4957988701861716E-007
  -3.6799999199807645        1.4953596243548112E-007
  -3.6899999197572471        1.4949214961525602E-007
  -3.6999999195337296        1.4944844803680463E-007
  -3.7099999193102122        1.4940485718245962E-007
  -3.7199999190866948        1.4936137653799411E-007
  -3.7299999188631774        1.4931800559259230E-007
  -3.7399999186396600        1.4927474383882076E-007
  -3.7499999184161426        1.4923159077259944E-007
  -3.7599999181926251        1.4918854589317376E-007
  -3.7699999179691077        1.4914560870308598E-007
  -3.7799999177455903        1.4910277870814810E-007
  -3.7899999175220729        1.4906005541741363E-007
  -3.7999999172985555        1.4901743834315098E-007
  -3.8099999170750380        1.4897492700081616E-007
  -3.8199999168515206        1.4893252090902618E-007
  -3.8299999166280032        1.4889021958953269E-007
  -3.8399999164044858        1.4884802256719582E-007
  -3.8499999161809684        1.4880592936995818E-007
  -3.8599999159574510        1.4876393952881933E-007
  -3.8699999157339335        1.4872205257781046E-007
  -3.8799999155104161        1.4868026805396910E-007
  -3.8899999152868987        1.4863858549731458E-007
  -3.8999999150633813        1.4859700445082284E-007
  -3.9099999148398639        1.4855552446040271E-007
  -3.9199999146163464        1.4851414507487128E-007
  -3.9299999143928290        1.4847286584593021E-007
  -3.9399999141693116        1.4843168632814209E-007
  -3.9499999139457942        1.4839060607890688E-007
  -3.9599999137222768        1.4834962465843891E-007
  -3.9699999134987594        1.4830874162974361E-007
  -3.9799999132752419        1.4826795655859516E-007
  -3.9899999130517245        1.4822726901351353E-007
  -3.9999999128282071        1.4818667856574260E-007
  -4.0099999126046892        1.4814618478922778E-007
  -4.0199999123811718        1.4810578726059420E-007
  -4.0299999121576544        1.4806548555912524E-007
  -4.0399999119341370        1.4802527926674082E-007
  -4.0499999117106196        1.4798516796797634E-007
  -4.0599999114871022        1.4794515124996158E-007
  -4.0699999112635847        1.4790522870239996E-007
  -4.0799999110400673        1.4786539991754772E-007
  -4.0899999108165499        1.4782566449019381E-007
  -4.0999999105930325        1.4778602201763930E-007
  -4.1099999103695151        1.4774647209967759E-007
  -4.1199999101459976        1.4770701433857454E-007
  -4.1299999099224802        1.4766764833904880E-007
  -4.1399999096989628        1.4762837370825227E-007
  -4.1499999094754454        1.4758919005575095E-007
  -4.1599999092519280        1.4755009699350575E-007
  -4.1699999090284106        1.4751109413585363E-007
  -4.1799999088048931        1.4747218109948882E-007
  -4.1899999085813757        1.4743335750344451E-007
  -4.1999999083578583        1.4739462296907397E-007
  -4.2099999081343409        1.4735597712003294E-007
  -4.2199999079108235        1.4731741958226115E-007
  -4.2299999076873060        1.4727894998396478E-007
  -4.2399999074637886        1.4724056795559849E-007
  -4.2499999072402712        1.4720227312984815E-007
  -4.2599999070167538        1.4716406514161333E-007
  -4.2699999067932364        1.4712594362799014E-007
  -4.2799999065697190        1.4708790822825427E-007
  -4.2899999063462015        1.4704995858384397E-007
  -4.2999999061226841        1.4701209433834354E-007
  -4.3099999058991667        1.4697431513746660E-007
  -4.3199999056756493        1.4693662062903977E-007
  -4.3299999054521319        1.4689901046298644E-007
  -4.3399999052286145        1.4686148429131045E-007
  -4.3499999050050970        1.4682404176808062E-007
  -4.3599999047815796        1.4678668254941441E-007
  -4.3699999045580622        1.4674940629346264E-007
  -4.3799999043345448        1.4671221266039382E-007
  -4.3899999041110274        1.4667510131237874E-007
  -4.3999999038875099        1.4663807191357550E-007
  -4.4099999036639925        1.4660112413011408E-007
  -4.4199999034404751        1.4656425763008162E-007
  -4.4299999032169577        1.4652747208350762E-007
  -4.4399999029934403        1.4649076716234907E-007
  -4.4499999027699229        1.4645414254047619E-007
  -4.4599999025464054        1.4641759789365777E-007
  -4.4699999023228880        1.4638113289954711E-007
  -4.4799999020993706        1.4634474723766769E-007
  -4.4899999018758532        1.4630844058939922E-007
  -4.4999999016523358        1.4627221263796388E-007
  -4.5099999014288183        1.4623606306841242E-007
  -4.5199999012053009        1.4619999156761048E-007
  -4.5299999009817835        1.4616399782422529E-007
  -4.5399999007582661        1.4612808152871196E-007
  -4.5499999005347487        1.4609224237330056E-007
  -4.5599999003112313        1.4605648005198272E-007
  -4.5699999000877138        1.4602079426049874E-007
  -4.5799998998641964        1.4598518469632453E-007
  -4.5899998996406790        1.4594965105865900E-007
  -4.5999998994171616        1.4591419304841117E-007
  -4.6099998991936442        1.4587881036818778E-007
  -4.6199998989701268        1.4584350272228068E-007
  -4.6299998987466093        1.4580826981665461E-007
  -4.6399998985230919        1.4577311135893495E-007
  -4.6499998982995745        1.4573802705839543E-007
  -4.6599998980760571        1.4570301662594631E-007
  -4.6699998978525397        1.4566807977412234E-007
  -4.6799998976290222        1.4563321621707102E-007
  -4.6899998974055048        1.4559842567054089E-007
  -4.6999998971819874        1.4556370785186981E-007
  -4.7099998969584700        1.4552906247997365E-007
  -4.7199998967349526        1.4549448927533475E-007
  -4.7299998965114352        1.4545998795999071E-007
  -4.7399998962879177        1.4542555825752304E-007
  -4.7499998960644003        1.4539119989304631E-007
  -4.7599998958408829        1.4535691259319694E-007
  -4.7699998956173655        1.4532269608612236E-007
  -4.7799998953938481        1.4528855010147013E-007
  -4.7899998951703306        1.4525447437037742E-007
  -4.7999998949468132        1.4522046862546014E-007
  -4.8099998947232958        1.4518653260080255E-007
  -4.8199998944997784        1.4515266603194676E-007
  -4.8299998942762610        1.4511886865588243E-007
  -4.8399998940527436        1.4508514021103650E-007
  -4.8499998938292261        1.4505148043726293E-007
  -4.8599998936057087        1.4501788907583277E-007
  -4.8699998933821913        1.4498436586942400E-007
  -4.8799998931586739        1.4495091056211169E-007
  -4.8899998929351565        1.4491752289935818E-007
  -4.8999998927116390        1.4488420262800342E-007
  -4.9099998924881216        1.4485094949625504E-007
  -4.9199998922646042        1.4481776325367912E-007
  -4.9299998920410868        1.4478464365119039E-007
  -4.9399998918175694        1.4475159044104303E-007
  -4.9499998915940520        1.4471860337682127E-007
  -4.9599998913705345        1.4468568221342995E-007
  -4.9699998911470171        1.4465282670708576E-007
  -4.9799998909234997        1.4462003661530769E-007
  -4.9899998906999823        1.4458731169690828E-007
  -4.9999998904764649        1.4455465171198455E-007
  -5.0099998902529475        1.4452205642190935E-007
  -5.0199998900294300        1.4448952558932218E-007
  -5.0299998898059126        1.4445705897812078E-007
  -5.0399998895823952        1.4442465635345231E-007
  -5.0499998893588778        1.4439231748170496E-007
  -5.0599998891353604        1.4436004213049929E-007
  -5.0699998889118429        1.4432783006867977E-007
  -5.0799998886883255        1.4429568106630652E-007
  -5.0899998884648081        1.4426359489464698E-007
  -5.0999998882412907        1.4423157132616769E-007
  -5.1099998880177733        1.4419961013452614E-007
  -5.1199998877942559        1.4416771109456266E-007
  -5.1299998875707384        1.4413587398229239E-007
  -5.1399998873472210        1.4410409857489729E-007
  -5.1499998871237036        1.4407238465071841E-007
  -5.1599998869001862        1.4404073198924792E-007
  -5.1699998866766688        1.4400914037112133E-007
  -5.1799998864531513        1.4397760957810992E-007
  -5.1899998862296339        1.4394613939311306E-007
  -5.1999998860061165        1.4391472960015050E-007
  -5.2099998857825991        1.4388337998435511E-007
  -5.2199998855590817        1.4385209033196523E-007
  -5.2299998853355643        1.4382086043031735E-007
  -5.2399998851120468        1.4378969006783893E-007
  -5.2499998848885294        1.4375857903404076E-007
  -5.2599998846650120        1.4372752711951019E-007
  -5.2699998844414946        1.4369653411590367E-007
  -5.2799998842179772        1.4366559981593986E-007
  -5.2899998839944598        1.4363472401339242E-007
  -5.2999998837709423        1.4360390650308317E-007
  -5.3099998835474249        1.4357314708087512E-007
  -5.3199998833239075        1.4354244554366561E-007
  -5.3299998831003901        1.4351180168937954E-007
  -5.3399998828768727        1.4348121531696243E-007
  -5.3499998826533552        1.4345068622637406E-007
  -5.3599998824298378        1.4342021421858152E-007
  -5.3699998822063204        1.4338979909555270E-007
  -5.3799998819828030        1.4335944066024994E-007
  -5.3899998817592856        1.4332913871662317E-007
  -5.3999998815357682        1.4329889306960385E-007
  -5.4099998813122507        1.4326870352509835E-007
  -5.4199998810887333        1.4323856988998167E-007
  -5.4299998808652159        1.4320849197209125E-007
  -5.4399998806416985        1.4317846958022061E-007
  -5.4499998804181811        1.4314850252411320E-007
  -5.4599998801946636        1.4311859061445633E-007
  -5.4699998799711462        1.4308873366287499E-007
  -5.4799998797476288        1.4305893148192591E-007
  -5.4899998795241114        1.4302918388509144E-007
  -5.4999998793005940        1.4299949068677373E-007
  -5.5099998790770766        1.4296985170228879E-007
  -5.5199998788535591        1.4294026674786063E-007
  -5.5299998786300417        1.4291073564061541E-007
  -5.5399998784065243        1.4288125819857576E-007
  -5.5499998781830069        1.4285183424065505E-007
  -5.5599998779594895        1.4282246358665168E-007
  -5.5699998777359720        1.4279314605724344E-007
  -5.5799998775124546        1.4276388147398210E-007
  -5.5899998772889372        1.4273466965928752E-007
  -5.5999998770654198        1.4270551043644254E-007
  -5.6099998768419024        1.4267640362958729E-007
  -5.6199998766183850        1.4264734906371386E-007
  -5.6299998763948675        1.4261834656466083E-007
  -5.6399998761713501        1.4258939595910818E-007
  -5.6499998759478327        1.4256049707457170E-007
  -5.6599998757243153        1.4253164973939800E-007
  -5.6699998755007979        1.4250285378275917E-007
  -5.6799998752772805        1.4247410903464752E-007
  -5.6899998750537630        1.4244541532587073E-007
  -5.6999998748302456        1.4241677248804658E-007
  -5.7099998746067282        1.4238818035359788E-007
  -5.7199998743832108        1.4235963875574749E-007
  -5.7299998741596934        1.4233114752851342E-007
  -5.7399998739361759        1.4230270650670381E-007
  -5.7499998737126585        1.4227431552591209E-007
  -5.7599998734891411        1.4224597442251203E-007
  -5.7699998732656237        1.4221768303365309E-007
  -5.7799998730421063        1.4218944119725546E-007
  -5.7899998728185889        1.4216124875200538E-007
  -5.7999998725950714        1.4213310553735037E-007
  -5.8099998723715540        1.4210501139349482E-007
  -5.8199998721480366        1.4207696616139484E-007
  -5.8299998719245192        1.4204896968275413E-007
  -5.8399998717010018        1.4202102180001917E-007
  -5.8499998714774843        1.4199312235637478E-007
  -5.8599998712539669        1.4196527119573949E-007
  -5.8699998710304495        1.4193746816276115E-007
  -5.8799998708069321        1.4190971310281256E-007
  -5.8899998705834147        1.4188200586198691E-007
  -5.8999998703598973        1.4185434628709356E-007
  -5.9099998701363798        1.4182673422565361E-007
  -5.9199998699128624        1.4179916952589548E-007
  -5.9299998696893450        1.4177165203675100E-007
  -5.9399998694658276        1.4174418160785080E-007
  -5.9499998692423102        1.4171675808952021E-007
  -5.9599998690187928        1.4168938133277513E-007
  -5.9699998687952753        1.4166205118931786E-007
  -5.9799998685717579        1.4163476751153295E-007
  -5.9899998683482405        1.4160753015248313E-007
  -5.9999998681247231        1.4158033896590527E-007
  -6.0099998679012057        1.4155319380620631E-007
  -6.0199998676776882        1.4152609452845927E-007
  -6.0299998674541708        1.4149904098839931E-007
  -6.0399998672306534        1.4147203304241967E-007
  -6.0499998670071360        1.4144507054756807E-007
  -6.0599998667836186        1.4141815336154238E-007
  -6.0699998665601012        1.4139128134268712E-007
  -6.0799998663365837        1.4136445434998943E-007
  -6.0899998661130663        1.4133767224307545E-007
  -6.0999998658895489        1.4131093488220629E-007
  -6.1099998656660315        1.4128424212827452E-007
  -6.1199998654425141        1.4125759384280047E-007
  -6.1299998652189966        1.4123098988792819E-007
  -6.1399998649954792        1.4120443012642220E-007
  -6.1499998647719618        1.4117791442166364E-007
  -6.1599998645484444        1.4115144263764673E-007
  -6.1699998643249270        1.4112501463897512E-007
  -6.1799998641014096        1.4109863029085835E-007
  -6.1899998638778921        1.4107228945910835E-007
  -6.1999998636543747        1.4104599201013584E-007
  -6.2099998634308573        1.4101973781094707E-007
  -6.2199998632073399        1.4099352672913999E-007
  -6.2299998629838225        1.4096735863290121E-007
  -6.2399998627603050        1.4094123339100231E-007
  -6.2499998625367876        1.4091515087279654E-007
  -6.2599998623132702        1.4088911094821555E-007
  -6.2699998620897528        1.4086311348776585E-007
  -6.2799998618662354        1.4083715836252573E-007
  -6.2899998616427180        1.4081124544414177E-007
  -6.2999998614192005        1.4078537460482574E-007
  -6.3099998611956831        1.4075954571735111E-007
  -6.3199998609721657        1.4073375865505019E-007
  -6.3299998607486483        1.4070801329181057E-007
  -6.3399998605251309        1.4068230950207216E-007
  -6.3499998603016135        1.4065664716082395E-007
  -6.3599998600780960        1.4063102614360104E-007
  -6.3699998598545786        1.4060544632648110E-007
  -6.3799998596310612        1.4057990758608188E-007
  -6.3899998594075438        1.4055440979955765E-007
  -6.3999998591840264        1.4052895284459642E-007
  -6.4099998589605089        1.4050353659941680E-007
  -6.4199998587369915        1.4047816094276500E-007
  -6.4299998585134741        1.4045282575391199E-007
  -6.4399998582899567        1.4042753091265032E-007
  -6.4499998580664393        1.4040227629929127E-007
  -6.4599998578429219        1.4037706179466214E-007
  -6.4699998576194044        1.4035188728010284E-007
  -6.4799998573958870        1.4032675263746359E-007
  -6.4899998571723696        1.4030165774910171E-007
  -6.4999998569488522        1.4027660249787881E-007
  -6.5099998567253348        1.4025158676715799E-007
  -6.5199998565018173        1.4022661044080126E-007
  -6.5299998562782999        1.4020167340316633E-007
  -6.5399998560547825        1.4017677553910423E-007
  -6.5499998558312651        1.4015191673395631E-007
  -6.5599998556077477        1.4012709687355172E-007
  -6.5699998553842303        1.4010231584420454E-007
  -6.5799998551607128        1.4007757353271118E-007
  -6.5899998549371954        1.4005286982634765E-007
  -6.5999998547136780        1.4002820461286689E-007
  -6.6099998544901606        1.4000357778049630E-007
  -6.6199998542666432        1.3997898921793496E-007
  -6.6299998540431258        1.3995443881435104E-007
  -6.6399998538196083        1.3992992645937925E-007
  -6.6499998535960909        1.3990545204311832E-007
  -6.6599998533725735        1.3988101545612842E-007
  -6.6699998531490561        1.3985661658942859E-007
  -6.6799998529255387        1.3983225533449432E-007
  -6.6899998527020212        1.3980793158325486E-007
  -6.6999998524785038        1.3978364522809111E-007
  -6.7099998522549864        1.3975939616183264E-007
  -6.7199998520314690        1.3973518427775577E-007
  -6.7299998518079516        1.3971100946958078E-007
  -6.7399998515844342        1.3968687163146963E-007
  -6.7499998513609167        1.3966277065802362E-007
  -6.7599998511373993        1.3963870644428084E-007
  -6.7699998509138819        1.3961467888571394E-007
  -6.7799998506903645        1.3959068787822779E-007
  -6.7899998504668471        1.3956673331815704E-007
  -6.7999998502433296        1.3954281510226389E-007
  -6.8099998500198122        1.3951893312773579E-007
  -6.8199998497962948        1.3949508729218305E-007
  -6.8299998495727774        1.3947127749363668E-007
  -6.8399998493492600        1.3944750363054614E-007
  -6.8499998491257426        1.3942376560177703E-007
  -6.8599998489022251        1.3940006330660878E-007
  -6.8699998486787077        1.3937639664473262E-007
  -6.8799998484551903        1.3935276551624936E-007
  -6.8899998482316729        1.3932916982166708E-007
  -6.8999998480081555        1.3930560946189895E-007
  -6.9099998477846380        1.3928208433826134E-007
  -6.9199998475611206        1.3925859435247132E-007
  -6.9299998473376032        1.3923513940664479E-007
  -6.9399998471140858        1.3921171940329423E-007
  -6.9499998468905684        1.3918833424532672E-007
  -6.9599998466670510        1.3916498383604167E-007
  -6.9699998464435335        1.3914166807912900E-007
  -6.9799998462200161        1.3911838687866683E-007
  -6.9899998459964987        1.3909514013911960E-007
  -6.9999998457729813        1.3907192776533592E-007
  -7.0099998455494639        1.3904874966254672E-007
  -7.0199998453259465        1.3902560573636302E-007
  -7.0299998451024290        1.3900249589277419E-007
  -7.0399998448789116        1.3897942003814568E-007
  -7.0499998446553942        1.3895637807921729E-007
  -7.0599998444318768        1.3893336992310122E-007
  -7.0699998442083594        1.3891039547727979E-007
  -7.0799998439848419        1.3888745464960402E-007
  -7.0899998437613245        1.3886454734829126E-007
  -7.0999998435378071        1.3884167348192363E-007
  -7.1099998433142897        1.3881883295944586E-007
  -7.1199998430907723        1.3879602569016351E-007
  -7.1299998428672549        1.3877325158374126E-007
  -7.1399998426437374        1.3875051055020070E-007
  -7.1499998424202200        1.3872780249991889E-007
  -7.1599998421967026        1.3870512734362613E-007
  -7.1699998419731852        1.3868248499240453E-007
  -7.1799998417496678        1.3865987535768581E-007
  -7.1899998415261503        1.3863729835124987E-007
  -7.1999998413026329        1.3861475388522268E-007
  -7.2099998410791155        1.3859224187207476E-007
  -7.2199998408555981        1.3856976222461928E-007
  -7.2299998406320807        1.3854731485601031E-007
  -7.2399998404085633        1.3852489967974106E-007
  -7.2499998401850458        1.3850251660964225E-007
  -7.2599998399615284        1.3848016555988030E-007
  -7.2699998397380110        1.3845784644495570E-007
  -7.2799998395144936        1.3843555917970116E-007
  -7.2899998392909762        1.3841330367928008E-007
  -7.2999998390674588        1.3839107985918478E-007
  -7.3099998388439413        1.3836888763523493E-007
  -7.3199998386204239        1.3834672692357571E-007
  -7.3299998383969065        1.3832459764067641E-007
  -7.3399998381733891        1.3830249970332851E-007
  -7.3499998379498717        1.3828043302864430E-007
  -7.3599998377263542        1.3825839753405523E-007
  -7.3699998375028368        1.3823639313731004E-007
  -7.3799998372793194        1.3821441975647359E-007
  -7.3899998370558020        1.3819247730992484E-007
  -7.3999998368322846        1.3817056571635568E-007
  -7.4099998366087672        1.3814868489476902E-007
  -7.4199998363852497        1.3812683476447742E-007
  -7.4299998361617323        1.3810501524510151E-007
  -7.4399998359382149        1.3808322625656843E-007
  -7.4499998357146975        1.3806146771911033E-007
  -7.4599998354911801        1.3803973955326277E-007
  -7.4699998352676626        1.3801804167986335E-007
  -7.4799998350441452        1.3799637402005014E-007
  -7.4899998348206278        1.3797473649526002E-007
  -7.4999998345971104        1.3795312902722759E-007
  -7.5099998343735930        1.3793155153798332E-007
  -7.5199998341500756        1.3791000394985224E-007
  -7.5299998339265581        1.3788848618545248E-007
  -7.5399998337030407        1.3786699816769380E-007
  -7.5499998334795233        1.3784553981977627E-007
  -7.5599998332560059        1.3782411106518859E-007
  -7.5699998330324885        1.3780271182770695E-007
  -7.5799998328089710        1.3778134203139340E-007
  -7.5899998325854536        1.3776000160059455E-007
  -7.5999998323619362        1.3773869045994024E-007
  -7.6099998321384188        1.3771740853434191E-007
  -7.6199998319149014        1.3769615574899150E-007
  -7.6299998316913840        1.3767493202936000E-007
  -7.6399998314678665        1.3765373730119596E-007
  -7.6499998312443491        1.3763257149052425E-007
  -7.6599998310208317        1.3761143452364473E-007
  -7.6699998307973143        1.3759032632713079E-007
  -7.6799998305737969        1.3756924682782830E-007
  -7.6899998303502795        1.3754819595285381E-007
  -7.6999998301267620        1.3752717362959382E-007
  -7.7099998299032446        1.3750617978570297E-007
  -7.7199998296797272        1.3748521434910304E-007
  -7.7299998294562098        1.3746427724798157E-007
  -7.7399998292326924        1.3744336841079047E-007
  -7.7499998290091749        1.3742248776624503E-007
  -7.7599998287856575        1.3740163524332234E-007
  -7.7699998285621401        1.3738081077126024E-007
  -7.7799998283386227        1.3736001427955592E-007
  -7.7899998281151053        1.3733924569796486E-007
  -7.7999998278915879        1.3731850495649937E-007
  -7.8099998276680704        1.3729779198542757E-007
  -7.8199998274445530        1.3727710671527198E-007
  -7.8299998272210356        1.3725644907680840E-007
  -7.8399998269975182        1.3723581900106478E-007
  -7.8499998267740008        1.3721521641931989E-007
  -7.8599998265504833        1.3719464126310212E-007
  -7.8699998263269659        1.3717409346418843E-007
  -7.8799998261034485        1.3715357295460300E-007
  -7.8899998258799311        1.3713307966661618E-007
  -7.8999998256564137        1.3711261353274330E-007
  -7.9099998254328963        1.3709217448574347E-007
  -7.9199998252093788        1.3707176245861843E-007
  -7.9299998249858614        1.3705137738461145E-007
  -7.9399998247623440        1.3703101919720615E-007
  -7.9499998245388266        1.3701068783012541E-007
  -7.9599998243153092        1.3699038321733018E-007
  -7.9699998240917918        1.3697010529301837E-007
  -7.9799998238682743        1.3694985399162389E-007
  -7.9899998236447569        1.3692962924781524E-007
  -7.9999998234212395        1.3690943099649474E-007
  -8.0099998231977221        1.3688925917279715E-007
  -8.0199998229742047        1.3686911371208879E-007
  -8.0299998227506872        1.3684899454996630E-007
  -8.0399998225271698        1.3682890162225581E-007
  -8.0499998223036524        1.3680883486501156E-007
  -8.0599998220801350        1.3678879421451503E-007
  -8.0699998218566176        1.3676877960727375E-007
  -8.0799998216331002        1.3674879098002054E-007
  -8.0899998214095827        1.3672882826971206E-007
  -8.0999998211860653        1.3670889141352809E-007
  -8.1099998209625479        1.3668898034887031E-007
  -8.1199998207390305        1.3666909501336141E-007
  -8.1299998205155131        1.3664923534484392E-007
  -8.1399998202919956        1.3662940128137934E-007
  -8.1499998200684782        1.3660959276124704E-007
  -8.1599998198449608        1.3658980972294331E-007
  -8.1699998196214434        1.3657005210518022E-007
  -8.1799998193979260        1.3655031984688496E-007
  -8.1899998191744086        1.3653061288719839E-007
  -8.1999998189508911        1.3651093116547452E-007
  -8.2099998187273737        1.3649127462127917E-007
  -8.2199998185038563        1.3647164319438915E-007
  -8.2299998182803389        1.3645203682479148E-007
  -8.2399998180568215        1.3643245545268196E-007
  -8.2499998178333040        1.3641289901846471E-007
  -8.2599998176097866        1.3639336746275099E-007
  -8.2699998173862692        1.3637386072635817E-007
  -8.2799998171627518        1.3635437875030901E-007
  -8.2899998169392344        1.3633492147583049E-007
  -8.2999998167157170        1.3631548884435324E-007
  -8.3099998164921995        1.3629608079751012E-007
  -8.3199998162686821        1.3627669727713577E-007
  -8.3299998160451647        1.3625733822526540E-007
  -8.3399998158216473        1.3623800358413405E-007
  -8.3499998155981299        1.3621869329617551E-007
  -8.3599998153746125        1.3619940730402168E-007
  -8.3699998151510950        1.3618014555050137E-007
  -8.3799998149275776        1.3616090797863974E-007
  -8.3899998147040602        1.3614169453165725E-007
  -8.3999998144805428        1.3612250515296858E-007
  -8.4099998142570254        1.3610333978618215E-007
  -8.4199998140335079        1.3608419837509903E-007
  -8.4299998138099905        1.3606508086371213E-007
  -8.4399998135864731        1.3604598719620526E-007
  -8.4499998133629557        1.3602691731695239E-007
  -8.4599998131394383        1.3600787117051683E-007
  -8.4699998129159209        1.3598884870165016E-007
  -8.4799998126924034        1.3596984985529168E-007
  -8.4899998124688860        1.3595087457656730E-007
  -8.4999998122453686        1.3593192281078903E-007
  -8.5099998120218512        1.3591299450345382E-007
  -8.5199998117983338        1.3589408960024290E-007
  -8.5299998115748163        1.3587520804702116E-007
  -8.5399998113512989        1.3585634978983582E-007
  -8.5499998111277815        1.3583751477491618E-007
  -8.5599998109042641        1.3581870294867246E-007
  -8.5699998106807467        1.3579991425769523E-007
  -8.5799998104572293        1.3578114864875431E-007
  -8.5899998102337118        1.3576240606879836E-007
  -8.5999998100101944        1.3574368646495383E-007
  -8.6099998097866770        1.3572498978452424E-007
  -8.6199998095631596        1.3570631597498947E-007
  -8.6299998093396422        1.3568766498400483E-007
  -8.6399998091161248        1.3566903675940055E-007
  -8.6499998088926073        1.3565043124918071E-007
  -8.6599998086690899        1.3563184840152280E-007
  -8.6699998084455725        1.3561328816477657E-007
  -8.6799998082220551        1.3559475048746371E-007
  -8.6899998079985377        1.3557623531827681E-007
  -8.6999998077750202        1.3555774260607869E-007
  -8.7099998075515028        1.3553927229990172E-007
  -8.7199998073279854        1.3552082434894696E-007
  -8.7299998071044680        1.3550239870258353E-007
  -8.7399998068809506        1.3548399531034790E-007
  -8.7499998066574332        1.3546561412194308E-007
  -8.7599998064339157        1.3544725508723789E-007
  -8.7699998062103983        1.3542891815626639E-007
  -8.7799998059868809        1.3541060327922704E-007
  -8.7899998057633635        1.3539231040648194E-007
  -8.7999998055398461        1.3537403948855631E-007
  -8.8099998053163286        1.3535579047613762E-007
  -8.8199998050928112        1.3533756332007498E-007
  -8.8299998048692938        1.3531935797137836E-007
  -8.8399998046457764        1.3530117438121803E-007
  -8.8499998044222590        1.3528301250092385E-007
  -8.8599998041987416        1.3526487228198439E-007
  -8.8699998039752241        1.3524675367604653E-007
  -8.8799998037517067        1.3522865663491458E-007
  -8.8899998035281893        1.3521058111054971E-007
  -8.8999998033046719        1.3519252705506925E-007
  -8.9099998030811545        1.3517449442074605E-007
  -8.9199998028576371        1.3515648316000770E-007
  -8.9299998026341196        1.3513849322543609E-007
  -8.9399998024106022        1.3512052456976659E-007
  -8.9499998021870848        1.3510257714588739E-007
  -8.9599998019635674        1.3508465090683897E-007
  -8.9699998017400500        1.3506674580581336E-007
  -8.9799998015165325        1.3504886179615354E-007
  -8.9899998012930151        1.3503099883135271E-007
  -8.9999998010694977        1.3501315686505384E-007
  -9.0099998008459803        1.3499533585104886E-007
  -9.0199998006224629        1.3497753574327820E-007
  -9.0299998003989455        1.3495975649582990E-007
  -9.0399998001754280        1.3494199806293932E-007
  -9.0499997999519106        1.3492426039898829E-007
  -9.0599997997283932        1.3490654345850456E-007
  -9.0699997995048758        1.3488884719616122E-007
  -9.0799997992813584        1.3487117156677598E-007
  -9.0899997990578409        1.3485351652531079E-007
  -9.0999997988343235        1.3483588202687101E-007
  -9.1099997986108061        1.3481826802670486E-007
  -9.1199997983872887        1.3480067448020291E-007
  -9.1299997981637713        1.3478310134289748E-007
  -9.1399997979402539        1.3476554857046193E-007
  -9.1499997977167364        1.3474801611871015E-007
  -9.1599997974932190        1.3473050394359599E-007
  -9.1699997972697016        1.3471301200121267E-007
  -9.1799997970461842        1.3469554024779227E-007
  -9.1899997968226668        1.3467808863970492E-007
  -9.1999997965991493        1.3466065713345853E-007
  -9.2099997963756319        1.3464324568569793E-007
  -9.2199997961521145        1.3462585425320470E-007
  -9.2299997959285971        1.3460848279289607E-007
  -9.2399997957050797        1.3459113126182486E-007
  -9.2499997954815623        1.3457379961717860E-007
  -9.2599997952580448        1.3455648781627908E-007
  -9.2699997950345274        1.3453919581658193E-007
  -9.2799997948110100        1.3452192357567578E-007
  -9.2899997945874926        1.3450467105128199E-007
  -9.2999997943639752        1.3448743820125392E-007
  -9.3099997941404578        1.3447022498357652E-007
  -9.3199997939169403        1.3445303135636569E-007
  -9.3299997936934229        1.3443585727786785E-007
  -9.3399997934699055        1.3441870270645927E-007
  -9.3499997932463881        1.3440156760064565E-007
  -9.3599997930228707        1.3438445191906155E-007
  -9.3699997927993532        1.3436735562046992E-007
  -9.3799997925758358        1.3435027866376142E-007
  -9.3899997923523184        1.3433322100795419E-007
  -9.3999997921288010        1.3431618261219298E-007
  -9.4099997919052836        1.3429916343574886E-007
  -9.4199997916817662        1.3428216343801868E-007
  -9.4299997914582487        1.3426518257852458E-007
  -9.4399997912347313        1.3424822081691333E-007
  -9.4499997910112139        1.3423127811295606E-007
  -9.4599997907876965        1.3421435442654758E-007
  -9.4699997905641791        1.3419744971770590E-007
  -9.4799997903406616        1.3418056394657182E-007
  -9.4899997901171442        1.3416369707340837E-007
  -9.4999997898936268        1.3414684905860033E-007
  -9.5099997896701094        1.3413001986265381E-007
  -9.5199997894465920        1.3411320944619556E-007
  -9.5299997892230746        1.3409641776997276E-007
  -9.5399997889995571        1.3407964479485233E-007
  -9.5499997887760397        1.3406289048182050E-007
  -9.5599997885525223        1.3404615479198246E-007
  -9.5699997883290049        1.3402943768656167E-007
  -9.5799997881054875        1.3401273912689957E-007
  -9.5899997878819701        1.3399605907445494E-007
  -9.5999997876584526        1.3397939749080368E-007
  -9.6099997874349352        1.3396275433763811E-007
  -9.6199997872114178        1.3394612957676651E-007
  -9.6299997869879004        1.3392952317011288E-007
  -9.6399997867643830        1.3391293507971627E-007
  -9.6499997865408655        1.3389636526773041E-007
  -9.6599997863173481        1.3387981369642315E-007
  -9.6699997860938307        1.3386328032817632E-007
  -9.6799997858703133        1.3384676512548485E-007
  -9.6899997856467959        1.3383026805095652E-007
  -9.6999997854232785        1.3381378906731171E-007
  -9.7099997851997610        1.3379732813738259E-007
  -9.7199997849762436        1.3378088522411296E-007
  -9.7299997847527262        1.3376446029055769E-007
  -9.7399997845292088        1.3374805329988230E-007
  -9.7499997843056914        1.3373166421536246E-007
  -9.7599997840821739        1.3371529300038374E-007
  -9.7699997838586565        1.3369893961844099E-007
  -9.7799997836351391        1.3368260403313806E-007
  -9.7899997834116217        1.3366628620818720E-007
  -9.7999997831881043        1.3364998610740879E-007
  -9.8099997829645869        1.3363370369473086E-007
  -9.8199997827410694        1.3361743893418869E-007
  -9.8299997825175520        1.3360119178992438E-007
  -9.8399997822940346        1.3358496222618639E-007
  -9.8499997820705172        1.3356875020732914E-007
  -9.8599997818469998        1.3355255569781275E-007
  -9.8699997816234823        1.3353637866220237E-007
  -9.8799997813999649        1.3352021906516796E-007
  -9.8899997811764475        1.3350407687148381E-007
  -9.8999997809529301        1.3348795204602819E-007
  -9.9099997807294127        1.3347184455378287E-007
  -9.9199997805058953        1.3345575435983276E-007
  -9.9299997802823778        1.3343968142936560E-007
  -9.9399997800588604        1.3342362572767132E-007
  -9.9499997798353430        1.3340758722014191E-007
  -9.9599997796118256        1.3339156587227095E-007
  -9.9699997793883082        1.3337556164965303E-007
  -9.9799997791647908        1.3335957451798372E-007
  -9.9899997789412733        1.3334360444305879E-007
  -9.9999997787177559        1.3332765139077417E-007
  -10.009999778494238        1.3331171532712528E-007
  -10.019999778270721        1.3329579621820686E-007
  -10.029999778047204        1.3327989403021253E-007
  -10.039999777823686        1.3326400872943430E-007
  -10.049999777600169        1.3324814028226236E-007
  -10.059999777376651        1.3323228865518459E-007
  -10.069999777153134        1.3321645381478627E-007
  -10.079999776929617        1.3320063572774959E-007
  -10.089999776706099        1.3318483436085347E-007
